301636,Feb/24/2011 18:08,urutom,61A - Ultra-Fast Mathematician,Ruby,Accepted,110 ms,3800 KB,2011-02-24 18:08:00
1628590,Apr/26/2012 09:40,mera_sirgiy,61A - Ultra-Fast Mathematician,Ruby,Accepted,110 ms,5500 KB,2012-04-26 09:40:00
15913531,Feb/09/2016 16:19,not_bot_but_POT,61A - Ultra-Fast Mathematician,Ruby,Accepted,62 ms,200 KB,2016-02-09 16:19:00
22699711,Dec/04/2016 19:48,ohNoo,61A - Ultra-Fast Mathematician,Ruby,Accepted,77 ms,0 KB,2016-12-04 19:48:00
46754315,Dec/08/2018 13:52,mah1ndra,61A - Ultra-Fast Mathematician,Ruby,Accepted,62 ms,0 KB,2018-12-08 13:52:00
56016221,Jun/25/2019 00:26,sorry_im_smurfing,61A - Ultra-Fast Mathematician,Ruby,Accepted,78 ms,100 KB,2019-06-25 00:26:00
68939623,Jan/16/2020 16:59,mlmaster,61A - Ultra-Fast Mathematician,Ruby,Accepted,77 ms,200 KB,2020-01-16 16:59:00
35884959,Mar/03/2018 16:21,______M______,61A - Ultra-Fast Mathematician,Ruby,Accepted,62 ms,6300 KB,2018-03-03 16:21:00
35886742,Mar/03/2018 16:51,______i______,61A - Ultra-Fast Mathematician,Ruby,Accepted,62 ms,6300 KB,2018-03-03 16:51:00
35887635,Mar/03/2018 17:07,______k______,61A - Ultra-Fast Mathematician,Ruby,Accepted,62 ms,6300 KB,2018-03-03 17:07:00
35888061,Mar/03/2018 17:14,______h______,61A - Ultra-Fast Mathematician,Ruby,Accepted,62 ms,6300 KB,2018-03-03 17:14:00
35895572,Mar/03/2018 19:47,_____i_____,61A - Ultra-Fast Mathematician,Ruby,Accepted,62 ms,6300 KB,2018-03-03 19:47:00
35895817,Mar/03/2018 19:53,______n______,61A - Ultra-Fast Mathematician,Ruby,Accepted,62 ms,6300 KB,2018-03-03 19:53:00
35895936,Mar/03/2018 19:57,______u______,61A - Ultra-Fast Mathematician,Ruby,Accepted,62 ms,6300 KB,2018-03-03 19:57:00
35896175,Mar/03/2018 20:03,_____k_____,61A - Ultra-Fast Mathematician,Ruby,Accepted,62 ms,6300 KB,2018-03-03 20:03:00
62571451,Oct/14/2019 17:37,saitejakatukam,61A - Ultra-Fast Mathematician,Ruby,Accepted,62 ms,200 KB,2019-10-14 17:37:00
29540443,Aug/18/2017 02:17,ecnerwala,61A - Ultra-Fast Mathematician,Python 3,Accepted,62 ms,0 KB,2017-08-18 02:17:00
36407402,Mar/19/2018 13:10,MadCoding,61A - Ultra-Fast Mathematician,Python 3,Accepted,93 ms,6900 KB,2018-03-19 13:10:00
46973772,Dec/13/2018 18:21,LiyaKatya,61A - Ultra-Fast Mathematician,Python 3,Accepted,109 ms,0 KB,2018-12-13 18:21:00
46973906,Dec/13/2018 18:25,Julia_palm,61A - Ultra-Fast Mathematician,Python 3,Accepted,109 ms,0 KB,2018-12-13 18:25:00
46973991,Dec/13/2018 18:28,leog40,61A - Ultra-Fast Mathematician,Python 3,Accepted,109 ms,0 KB,2018-12-13 18:28:00
46976998,Dec/13/2018 20:10,timur8554,61A - Ultra-Fast Mathematician,Python 3,Accepted,109 ms,0 KB,2018-12-13 20:10:00
46995083,Dec/14/2018 10:52,buranbaev.den,61A - Ultra-Fast Mathematician,Python 3,Accepted,109 ms,0 KB,2018-12-14 10:52:00
46995253,Dec/14/2018 10:58,18k4,61A - Ultra-Fast Mathematician,Python 3,Accepted,109 ms,0 KB,2018-12-14 10:58:00
49148171,Jan/29/2019 14:36,srinu121298,61A - Ultra-Fast Mathematician,Python 3,Accepted,124 ms,0 KB,2019-01-29 14:36:00
49364471,Feb/02/2019 17:24,mpujitha28,61A - Ultra-Fast Mathematician,Python 3,Accepted,109 ms,0 KB,2019-02-02 17:24:00
52211285,Apr/01/2019 22:58,sofigenr,61A - Ultra-Fast Mathematician,Python 3,Accepted,109 ms,0 KB,2019-04-01 22:58:00
57914919,Jul/29/2019 03:21,lopare,61A - Ultra-Fast Mathematician,Python 3,Accepted,109 ms,0 KB,2019-07-29 03:21:00
66135960,Dec/01/2019 15:13,SMMaster,61A - Ultra-Fast Mathematician,Python 3,Accepted,124 ms,0 KB,2019-12-01 15:13:00
69998476,Feb/02/2020 02:18,AM.EM.U4EAC19012,61A - Ultra-Fast Mathematician,Python 3,Accepted,124 ms,0 KB,2020-02-02 02:18:00
70551642,Feb/08/2020 12:08,sravani_2508,61A - Ultra-Fast Mathematician,Python 3,Accepted,124 ms,0 KB,2020-02-08 12:08:00
72791370,Mar/09/2020 17:22,akshithaadepu,61A - Ultra-Fast Mathematician,Python 3,Accepted,124 ms,0 KB,2020-03-09 17:22:00
73155710,Mar/13/2020 19:47,ece_18wh1a0445,61A - Ultra-Fast Mathematician,Python 3,Accepted,171 ms,0 KB,2020-03-13 19:47:00
77050981,Apr/17/2020 11:30,gharini992,61A - Ultra-Fast Mathematician,Python 3,Accepted,109 ms,0 KB,2020-04-17 11:30:00
16456997,Mar/02/2016 06:48,EgSubZ,61A - Ultra-Fast Mathematician,Python 3,Accepted,62 ms,0 KB,2016-03-02 06:48:00
21789982,Oct/26/2016 11:47,s_p,61A - Ultra-Fast Mathematician,Perl,Accepted,31 ms,0 KB,2016-10-26 11:47:00
29540437,Aug/18/2017 02:16,ecnerwala,61A - Ultra-Fast Mathematician,Python 3,Accepted,62 ms,0 KB,2017-08-18 02:16:00
46247529,Nov/26/2018 15:18,overpython,61A - Ultra-Fast Mathematician,Python 3,Accepted,109 ms,0 KB,2018-11-26 15:18:00
68776314,Jan/14/2020 16:32,stars_in_the_sky,61A - Ultra-Fast Mathematician,Python 3,Accepted,109 ms,0 KB,2020-01-14 16:32:00
69914213,Jan/31/2020 19:18,AM.EM.U4EAC19012,61A - Ultra-Fast Mathematician,Python 3,Accepted,124 ms,300 KB,2020-01-31 19:18:00
32941355,Dec/05/2017 09:53,Sanjeevwu,61A - Ultra-Fast Mathematician,Python 3,Accepted,62 ms,5400 KB,2017-12-05 09:53:00
37187330,Apr/11/2018 08:43,lex.borodach,61A - Ultra-Fast Mathematician,Python 3,Accepted,93 ms,6900 KB,2018-04-11 08:43:00
62609825,Oct/15/2019 12:18,gswetha1713,61A - Ultra-Fast Mathematician,Python 3,Accepted,124 ms,0 KB,2019-10-15 12:18:00
72784766,Mar/09/2020 15:26,harshav_b,61A - Ultra-Fast Mathematician,Python 3,Accepted,109 ms,0 KB,2020-03-09 15:26:00
73524533,Mar/17/2020 23:57,parhamEhsani7676,61A - Ultra-Fast Mathematician,Python 3,Accepted,124 ms,0 KB,2020-03-17 23:57:00
73560567,Mar/18/2020 13:37,ece_18wh1a0447,61A - Ultra-Fast Mathematician,Python 3,Accepted,124 ms,300 KB,2020-03-18 13:37:00
76686620,Apr/14/2020 14:44,kiranlingampalli,61A - Ultra-Fast Mathematician,Python 3,Accepted,109 ms,0 KB,2020-04-14 14:44:00
13094222,Sep/19/2015 01:46,AlfredZien,61A - Ultra-Fast Mathematician,Python 2,Accepted,61 ms,0 KB,2015-09-19 01:46:00
22616480,Nov/30/2016 10:58,xuzhirui2016,61A - Ultra-Fast Mathematician,Python 3,Accepted,62 ms,0 KB,2016-11-30 10:58:00
29173536,Aug/03/2017 20:27,hieudd,61A - Ultra-Fast Mathematician,Python 3,Accepted,62 ms,4500 KB,2017-08-03 20:27:00
47781705,Dec/31/2018 11:31,Soumya_123,61A - Ultra-Fast Mathematician,Python 3,Accepted,124 ms,0 KB,2018-12-31 11:31:00
74689841,Mar/29/2020 06:39,mamun_cseian,61A - Ultra-Fast Mathematician,Python 3,Accepted,124 ms,0 KB,2020-03-29 06:39:00
60605139,Sep/15/2019 12:12,bergus,61A - Ultra-Fast Mathematician,Python 3,Accepted,124 ms,0 KB,2019-09-15 12:12:00
73013204,Mar/12/2020 13:24,Ece_18wh1a0432,61A - Ultra-Fast Mathematician,Python 3,Accepted,124 ms,0 KB,2020-03-12 13:24:00
73779722,Mar/20/2020 12:45,18wh1a0428,61A - Ultra-Fast Mathematician,Python 3,Accepted,109 ms,0 KB,2020-03-20 12:45:00
40471161,Jul/17/2018 12:33,subhro01,61A - Ultra-Fast Mathematician,Python 3,Accepted,124 ms,0 KB,2018-07-17 12:33:00
47716454,Dec/30/2018 11:06,catch_up,61A - Ultra-Fast Mathematician,Python 3,Accepted,124 ms,0 KB,2018-12-30 11:06:00
59900728,Sep/02/2019 16:35,a.cse18,61A - Ultra-Fast Mathematician,Python 3,Accepted,109 ms,0 KB,2019-09-02 16:35:00
73456562,Mar/17/2020 09:00,pavankalyan_10,61A - Ultra-Fast Mathematician,Python 3,Accepted,124 ms,0 KB,2020-03-17 09:00:00
73926698,Mar/22/2020 05:12,coderemite,61A - Ultra-Fast Mathematician,Python 3,Accepted,124 ms,0 KB,2020-03-22 05:12:00
76145846,Apr/10/2020 18:23,adarshvuppala,61A - Ultra-Fast Mathematician,Python 3,Accepted,124 ms,0 KB,2020-04-10 18:23:00
30226669,Sep/09/2017 16:24,ashrko,61A - Ultra-Fast Mathematician,Python 3,Accepted,62 ms,0 KB,2017-09-09 16:24:00
70944202,Feb/13/2020 12:17,Eary_Grey,61A - Ultra-Fast Mathematician,Python 3,Accepted,124 ms,0 KB,2020-02-13 12:17:00
2097744,Sep/05/2012 18:23,xlk,61A - Ultra-Fast Mathematician,Python 2,Accepted,60 ms,2400 KB,2012-09-05 18:23:00
46096562,Nov/23/2018 04:01,ERKE_SDU,61A - Ultra-Fast Mathematician,Python 3,Accepted,124 ms,0 KB,2018-11-23 04:01:00
46976389,Dec/13/2018 19:49,lugenlord,61A - Ultra-Fast Mathematician,Python 3,Accepted,124 ms,0 KB,2018-12-13 19:49:00
455535,May/15/2011 00:20,ulandev,61A - Ultra-Fast Mathematician,Haskell,Accepted,30 ms,2000 KB,2011-05-15 00:20:00
2047839,Aug/25/2012 12:25,hAtchiko,61A - Ultra-Fast Mathematician,Python 2,Accepted,110 ms,2900 KB,2012-08-25 12:25:00
3715103,May/13/2013 08:57,ACHelloWorld,61A - Ultra-Fast Mathematician,Python 2,Accepted,46 ms,0 KB,2013-05-13 08:57:00
5234682,Nov/25/2013 14:18,E_Fantacy,61A - Ultra-Fast Mathematician,Python 2,Accepted,92 ms,0 KB,2013-11-25 14:18:00
12330555,Aug/03/2015 23:25,akhmetov.anuar,61A - Ultra-Fast Mathematician,Python 2,Accepted,46 ms,0 KB,2015-08-03 23:25:00
37031636,Apr/06/2018 23:34,vjudge3,61A - Ultra-Fast Mathematician,Python 2,Accepted,109 ms,5900 KB,2018-04-06 23:34:00
992597,Dec/31/2011 05:20,fireup,61A - Ultra-Fast Mathematician,Python 2,Accepted,60 ms,2800 KB,2011-12-31 05:20:00
13094217,Sep/19/2015 01:45,AlfredZien,61A - Ultra-Fast Mathematician,Python 2,Accepted,61 ms,0 KB,2015-09-19 01:45:00
46696452,Dec/06/2018 23:04,khalil.247,61A - Ultra-Fast Mathematician,Python 3,Accepted,124 ms,0 KB,2018-12-06 23:04:00
6300808,Apr/08/2014 14:18,Baka,61A - Ultra-Fast Mathematician,Ruby,Accepted,62 ms,0 KB,2014-04-08 14:18:00
13927678,Oct/29/2015 09:12,20134579,61A - Ultra-Fast Mathematician,Python 2,Accepted,62 ms,0 KB,2015-10-29 09:12:00
19103035,Jul/14/2016 11:06,justiceee,61A - Ultra-Fast Mathematician,Python 3,Accepted,62 ms,0 KB,2016-07-14 11:06:00
22633099,Dec/01/2016 02:57,microstrong,61A - Ultra-Fast Mathematician,Python 3,Accepted,77 ms,0 KB,2016-12-01 02:57:00
49535014,Feb/06/2019 18:32,manishkonduri8,61A - Ultra-Fast Mathematician,Python 3,Accepted,109 ms,0 KB,2019-02-06 18:32:00
71630663,Feb/22/2020 22:22,madhulikasingh.2708,61A - Ultra-Fast Mathematician,Python 3,Accepted,124 ms,0 KB,2020-02-22 22:22:00
4051166,Jul/11/2013 18:40,jamespan,61A - Ultra-Fast Mathematician,Python 2,Accepted,62 ms,0 KB,2013-07-11 18:40:00
17519523,Apr/26/2016 12:25,kakjapan31,61A - Ultra-Fast Mathematician,Python 2,Accepted,93 ms,4600 KB,2016-04-26 12:25:00
47364226,Dec/22/2018 13:35,arvindpunk,61A - Ultra-Fast Mathematician,Python 3,Accepted,124 ms,0 KB,2018-12-22 13:35:00
406938,Apr/24/2011 14:27,RomanAkberov,61A - Ultra-Fast Mathematician,Python 2,Accepted,60 ms,2800 KB,2011-04-24 14:27:00
19223426,Jul/19/2016 06:27,dylanblok,61A - Ultra-Fast Mathematician,Python 3,Accepted,77 ms,0 KB,2016-07-19 06:27:00
18170912,May/31/2016 18:35,xuanwo,61A - Ultra-Fast Mathematician,Python 3,Accepted,77 ms,4800 KB,2016-05-31 18:35:00
64676940,Nov/11/2019 11:25,NyX,61A - Ultra-Fast Mathematician,Python 3,Accepted,109 ms,0 KB,2019-11-11 11:25:00
28352552,Jul/07/2017 18:46,kartikvk1996,61A - Ultra-Fast Mathematician,Python 3,Accepted,62 ms,5400 KB,2017-07-07 18:46:00
33866102,Jan/02/2018 17:55,we7d,61A - Ultra-Fast Mathematician,Python 3,Accepted,62 ms,5500 KB,2018-01-02 17:55:00
315178,Mar/04/2011 16:10,1tthinking,61A - Ultra-Fast Mathematician,Python 2,Accepted,60 ms,2800 KB,2011-03-04 16:10:00
46661620,Dec/05/2018 22:48,the.mistrustful,61A - Ultra-Fast Mathematician,Python 3,Accepted,109 ms,0 KB,2018-12-05 22:48:00
300929,Feb/23/2011 18:50,Radomir,61A - Ultra-Fast Mathematician,Python 2,Accepted,60 ms,2800 KB,2011-02-23 18:50:00
301514,Feb/24/2011 15:31,Ioaoue,61A - Ultra-Fast Mathematician,Haskell,Accepted,30 ms,2000 KB,2011-02-24 15:31:00
30488041,Sep/19/2017 07:37,winstontsai,61A - Ultra-Fast Mathematician,Python 3,Accepted,62 ms,100 KB,2017-09-19 07:37:00
32035103,Nov/03/2017 22:44,sailee1811dalvi,61A - Ultra-Fast Mathematician,Python 2,Accepted,62 ms,0 KB,2017-11-03 22:44:00
37620589,Apr/26/2018 01:07,and800,61A - Ultra-Fast Mathematician,Python 3,Accepted,93 ms,6900 KB,2018-04-26 01:07:00
39428466,Jun/20/2018 10:15,Slendermen00,61A - Ultra-Fast Mathematician,Python 3,Accepted,93 ms,0 KB,2018-06-20 10:15:00
55271298,Jun/07/2019 19:31,goyal.amanrocks,61A - Ultra-Fast Mathematician,Python 3,Accepted,109 ms,0 KB,2019-06-07 19:31:00
2132557,Sep/11/2012 13:32,were3441,61A - Ultra-Fast Mathematician,Python 2,Accepted,110 ms,2900 KB,2012-09-11 13:32:00
35725826,Feb/26/2018 12:07,Megatvini,61A - Ultra-Fast Mathematician,Python 3,Accepted,62 ms,6200 KB,2018-02-26 12:07:00
40840000,Jul/27/2018 12:09,vjudge8,61A - Ultra-Fast Mathematician,Python 3,Accepted,124 ms,0 KB,2018-07-27 12:09:00
44724370,Oct/23/2018 10:19,Silky_Littleraisin,61A - Ultra-Fast Mathematician,Python 3,Accepted,124 ms,0 KB,2018-10-23 10:19:00
54739801,May/28/2019 10:13,nitesh_scorpio,61A - Ultra-Fast Mathematician,Python 3,Accepted,124 ms,0 KB,2019-05-28 10:13:00
78548974,Apr/30/2020 11:46,cQdeV,61A - Ultra-Fast Mathematician,PyPy 3,Accepted,171 ms,0 KB,2020-04-30 11:46:00
14709906,Dec/09/2015 11:48,ZackSun,61A - Ultra-Fast Mathematician,Python 3,Accepted,62 ms,0 KB,2015-12-09 11:48:00
18161676,May/31/2016 00:44,Amores,61A - Ultra-Fast Mathematician,PyPy 3,Accepted,124 ms,22700 KB,2016-05-31 00:44:00
18365895,Jun/11/2016 01:10,..........,61A - Ultra-Fast Mathematician,Python 3,Accepted,62 ms,4700 KB,2016-06-11 01:10:00
75449187,Apr/04/2020 05:51,wefwsdvsdf,61A - Ultra-Fast Mathematician,Python 3,Accepted,124 ms,0 KB,2020-04-04 05:51:00
3609031,Apr/23/2013 08:09,cielavenir,61A - Ultra-Fast Mathematician,Ruby,Accepted,46 ms,0 KB,2013-04-23 08:09:00
13361616,Oct/03/2015 18:18,melofon,61A - Ultra-Fast Mathematician,Python 3,Accepted,62 ms,0 KB,2015-10-03 18:18:00
18275635,Jun/06/2016 23:49,hintpine,61A - Ultra-Fast Mathematician,Python 2,Accepted,46 ms,4700 KB,2016-06-06 23:49:00
27957484,Jun/22/2017 08:23,13bce090,61A - Ultra-Fast Mathematician,Python 3,Accepted,92 ms,5400 KB,2017-06-22 08:23:00
78511561,Apr/29/2020 22:20,LesPaul,61A - Ultra-Fast Mathematician,Python 3,Accepted,109 ms,0 KB,2020-04-29 22:20:00
299533,Feb/22/2011 23:40,-dp-,61A - Ultra-Fast Mathematician,Python 2,Accepted,60 ms,2800 KB,2011-02-22 23:40:00
3500105,Apr/10/2013 19:33,songzhipeng,61A - Ultra-Fast Mathematician,Python 2,Accepted,62 ms,0 KB,2013-04-10 19:33:00
6448110,Apr/22/2014 21:59,Bladdon,61A - Ultra-Fast Mathematician,Python 3,Accepted,77 ms,100 KB,2014-04-22 21:59:00
8525929,Nov/02/2014 20:15,SteelRaven,61A - Ultra-Fast Mathematician,Python 3,Accepted,62 ms,0 KB,2014-11-02 20:15:00
38306400,May/16/2018 05:30,tate,61A - Ultra-Fast Mathematician,Python 3,Accepted,78 ms,6900 KB,2018-05-16 05:30:00
39218769,Jun/13/2018 17:08,hanshan1996,61A - Ultra-Fast Mathematician,Python 3,Accepted,93 ms,100 KB,2018-06-13 17:08:00
73950201,Mar/22/2020 13:07,meghana_jilla,61A - Ultra-Fast Mathematician,Python 3,Accepted,124 ms,0 KB,2020-03-22 13:07:00
33246564,Dec/14/2017 20:06,notpartooskumar,61A - Ultra-Fast Mathematician,Python 3,Accepted,77 ms,5500 KB,2017-12-14 20:06:00
45141292,Oct/31/2018 17:38,drunckoder,61A - Ultra-Fast Mathematician,Python 3,Accepted,109 ms,0 KB,2018-10-31 17:38:00
79097668,May/06/2020 03:26,Vamsi4577,61A - Ultra-Fast Mathematician,PyPy 3,Accepted,156 ms,0 KB,2020-05-06 03:26:00
300232,Feb/23/2011 10:30,fukirk,61A - Ultra-Fast Mathematician,Python 2,Accepted,60 ms,2800 KB,2011-02-23 10:30:00
2491927,Nov/02/2012 19:23,daidailanlan,61A - Ultra-Fast Mathematician,Python 2,Accepted,78 ms,0 KB,2012-11-02 19:23:00
8467605,Oct/29/2014 13:15,.King,61A - Ultra-Fast Mathematician,Python 2,Accepted,62 ms,0 KB,2014-10-29 13:15:00
12467886,Aug/11/2015 17:42,UnusedFever,61A - Ultra-Fast Mathematician,Python 3,Accepted,62 ms,0 KB,2015-08-11 17:42:00
30282941,Sep/12/2017 12:51,shrivatsa555,61A - Ultra-Fast Mathematician,Python 3,Accepted,77 ms,0 KB,2017-09-12 12:51:00
48708024,Jan/22/2019 09:59,lIn_nIl,61A - Ultra-Fast Mathematician,Python 3,Accepted,109 ms,0 KB,2019-01-22 09:59:00
54521997,May/23/2019 15:41,alikkrch,61A - Ultra-Fast Mathematician,Python 3,Accepted,109 ms,0 KB,2019-05-23 15:41:00
66228298,Dec/03/2019 16:26,MohanPutti,61A - Ultra-Fast Mathematician,Python 3,Accepted,124 ms,0 KB,2019-12-03 16:26:00
79446354,May/09/2020 11:54,apurvk,61A - Ultra-Fast Mathematician,PyPy 3,Accepted,140 ms,19700 KB,2020-05-09 11:54:00
1649956,May/03/2012 00:08,irakli-janiashvili,61A - Ultra-Fast Mathematician,Ruby,Accepted,110 ms,5400 KB,2012-05-03 00:08:00
39032262,Jun/08/2018 01:06,cs1g,61A - Ultra-Fast Mathematician,Python 3,Accepted,93 ms,0 KB,2018-06-08 01:06:00
50999818,Mar/08/2019 09:16,UTMoonlight,61A - Ultra-Fast Mathematician,Python 3,Accepted,109 ms,0 KB,2019-03-08 09:16:00
496002,Jun/17/2011 15:58,SyFy,61A - Ultra-Fast Mathematician,Ruby,Accepted,90 ms,3500 KB,2011-06-17 15:58:00
7510877,Aug/19/2014 22:21,extremeplay,61A - Ultra-Fast Mathematician,Python 2,Accepted,62 ms,0 KB,2014-08-19 22:21:00
33071870,Dec/10/2017 06:31,R09461,61A - Ultra-Fast Mathematician,Python 3,Accepted,62 ms,5400 KB,2017-12-10 06:31:00
37013398,Apr/06/2018 08:48,ingenious3,61A - Ultra-Fast Mathematician,Python 3,Accepted,93 ms,6900 KB,2018-04-06 08:48:00
39351362,Jun/18/2018 11:54,pavkal5,61A - Ultra-Fast Mathematician,Python 3,Accepted,93 ms,0 KB,2018-06-18 11:54:00
42219235,Aug/28/2018 22:13,nns2009,61A - Ultra-Fast Mathematician,Python 3,Accepted,124 ms,0 KB,2018-08-28 22:13:00
52455684,Apr/07/2019 14:38,ShuMan9527,61A - Ultra-Fast Mathematician,Python 3,Accepted,124 ms,0 KB,2019-04-07 14:38:00
55472738,Jun/11/2019 22:55,jakob99,61A - Ultra-Fast Mathematician,Python 3,Accepted,109 ms,0 KB,2019-06-11 22:55:00
954980,Dec/14/2011 13:49,khlee,61A - Ultra-Fast Mathematician,Python 2,Accepted,60 ms,2800 KB,2011-12-14 13:49:00
27892558,Jun/19/2017 02:48,sinapusu2002,61A - Ultra-Fast Mathematician,Ruby,Accepted,93 ms,0 KB,2017-06-19 02:48:00
41008018,Jul/31/2018 14:00,BB2211,61A - Ultra-Fast Mathematician,Python 3,Accepted,140 ms,0 KB,2018-07-31 14:00:00
42470659,Sep/04/2018 21:13,Gulliver,61A - Ultra-Fast Mathematician,Python 3,Accepted,155 ms,0 KB,2018-09-04 21:13:00
68061565,Jan/02/2020 07:36,gajrajgchouhan,61A - Ultra-Fast Mathematician,Python 3,Accepted,124 ms,0 KB,2020-01-02 07:36:00
3068271,Feb/03/2013 22:30,vstoian,61A - Ultra-Fast Mathematician,Python 2,Accepted,62 ms,0 KB,2013-02-03 22:30:00
41043612,Jul/31/2018 18:33,kotarolallama1,61A - Ultra-Fast Mathematician,Python 3,Accepted,124 ms,0 KB,2018-07-31 18:33:00
45278177,Nov/04/2018 15:15,Gogle_AI,61A - Ultra-Fast Mathematician,Python 3,Accepted,109 ms,0 KB,2018-11-04 15:15:00
51889358,Mar/27/2019 11:18,tokizo819,61A - Ultra-Fast Mathematician,Python 3,Accepted,124 ms,0 KB,2019-03-27 11:18:00
73439774,Mar/16/2020 23:41,parth_99,61A - Ultra-Fast Mathematician,Python 3,Accepted,109 ms,0 KB,2020-03-16 23:41:00
78892980,May/03/2020 15:55,Yoana,61A - Ultra-Fast Mathematician,Python 3,Accepted,124 ms,0 KB,2020-05-03 15:55:00
1161128,Feb/10/2012 16:22,taranov.vv,61A - Ultra-Fast Mathematician,Python 2,Accepted,60 ms,2800 KB,2012-02-10 16:22:00
11490377,Jun/07/2015 20:25,zentorwie,61A - Ultra-Fast Mathematician,Python 3,Accepted,62 ms,0 KB,2015-06-07 20:25:00
13137214,Sep/22/2015 11:22,elistark,61A - Ultra-Fast Mathematician,Python 2,Accepted,62 ms,0 KB,2015-09-22 11:22:00
22676786,Dec/03/2016 15:36,BlueHazard_rony,61A - Ultra-Fast Mathematician,Python 2,Accepted,62 ms,0 KB,2016-12-03 15:36:00
25024479,Feb/26/2017 00:57,Kirillov_Alexey,61A - Ultra-Fast Mathematician,Python 3,Accepted,62 ms,4500 KB,2017-02-26 00:57:00
32991186,Dec/07/2017 06:31,tangbin1998,61A - Ultra-Fast Mathematician,Python 3,Accepted,62 ms,5400 KB,2017-12-07 06:31:00
77608342,Apr/22/2020 08:05,BLP,61A - Ultra-Fast Mathematician,Python 3,Accepted,109 ms,0 KB,2020-04-22 08:05:00
78464357,Apr/29/2020 13:23,faiz_hasan11,61A - Ultra-Fast Mathematician,PyPy 3,Accepted,155 ms,0 KB,2020-04-29 13:23:00
1314782,Mar/09/2012 11:52,christianmann,61A - Ultra-Fast Mathematician,Python 2,Accepted,80 ms,2800 KB,2012-03-09 11:52:00
4051145,Jul/11/2013 18:34,jamespan,61A - Ultra-Fast Mathematician,Python 2,Accepted,62 ms,0 KB,2013-07-11 18:34:00
7016058,Jul/05/2014 16:53,z423x5c6,61A - Ultra-Fast Mathematician,Python 3,Accepted,62 ms,0 KB,2014-07-05 16:53:00
29240864,Aug/06/2017 15:11,T1duS,61A - Ultra-Fast Mathematician,Python 3,Accepted,62 ms,4500 KB,2017-08-06 15:11:00
48572530,Jan/19/2019 15:37,3x7,61A - Ultra-Fast Mathematician,Python 3,Accepted,109 ms,0 KB,2019-01-19 15:37:00
68283389,Jan/05/2020 20:38,Padmasree,61A - Ultra-Fast Mathematician,Python 3,Accepted,124 ms,0 KB,2020-01-05 20:38:00
75453859,Apr/04/2020 07:50,zulh2605,61A - Ultra-Fast Mathematician,Python 3,Accepted,109 ms,0 KB,2020-04-04 07:50:00
315267,Mar/04/2011 17:57,ftiasch,61A - Ultra-Fast Mathematician,Python 2,Accepted,60 ms,2800 KB,2011-03-04 17:57:00
1289679,Mar/05/2012 12:37,vkuzkokov,61A - Ultra-Fast Mathematician,Haskell,Accepted,30 ms,2100 KB,2012-03-05 12:37:00
2491918,Nov/02/2012 19:21,daidailanlan,61A - Ultra-Fast Mathematician,Python 2,Accepted,62 ms,0 KB,2012-11-02 19:21:00
27348860,May/26/2017 08:12,psquare,61A - Ultra-Fast Mathematician,Python 3,Accepted,62 ms,0 KB,2017-05-26 08:12:00
34471535,Jan/23/2018 10:07,linhnp,61A - Ultra-Fast Mathematician,Python 3,Accepted,62 ms,5500 KB,2018-01-23 10:07:00
37875553,May/04/2018 08:44,lHikaril,61A - Ultra-Fast Mathematician,Python 3,Accepted,92 ms,6900 KB,2018-05-04 08:44:00
44476221,Oct/18/2018 12:06,nightwielder,61A - Ultra-Fast Mathematician,Python 3,Accepted,124 ms,0 KB,2018-10-18 12:06:00
49213897,Jan/30/2019 19:31,gtarun047,61A - Ultra-Fast Mathematician,Python 3,Accepted,109 ms,0 KB,2019-01-30 19:31:00
49218110,Jan/30/2019 20:56,16wh1a0556,61A - Ultra-Fast Mathematician,Python 3,Accepted,124 ms,0 KB,2019-01-30 20:56:00
49227832,Jan/31/2019 05:45,pranathi355,61A - Ultra-Fast Mathematician,Python 3,Accepted,124 ms,0 KB,2019-01-31 05:45:00
49692472,Feb/10/2019 15:02,face4,61A - Ultra-Fast Mathematician,Python 3,Accepted,124 ms,0 KB,2019-02-10 15:02:00
51314120,Mar/15/2019 00:46,sarifrana,61A - Ultra-Fast Mathematician,Python 3,Accepted,124 ms,0 KB,2019-03-15 00:46:00
52075785,Mar/31/2019 12:56,veda18,61A - Ultra-Fast Mathematician,Python 3,Accepted,124 ms,0 KB,2019-03-31 12:56:00
60213859,Sep/07/2019 14:07,sneha_1508,61A - Ultra-Fast Mathematician,Python 3,Accepted,124 ms,0 KB,2019-09-07 14:07:00
62710050,Oct/16/2019 18:34,supraja_210,61A - Ultra-Fast Mathematician,Python 3,Accepted,155 ms,0 KB,2019-10-16 18:34:00
65937450,Nov/29/2019 06:28,WinstonM,61A - Ultra-Fast Mathematician,Python 3,Accepted,124 ms,0 KB,2019-11-29 06:28:00
44038423,Oct/09/2018 16:48,HakuButsu,61A - Ultra-Fast Mathematician,Python 3,Accepted,124 ms,0 KB,2018-10-09 16:48:00
51070743,Mar/09/2019 10:34,vincentviktor,61A - Ultra-Fast Mathematician,Python 3,Accepted,124 ms,0 KB,2019-03-09 10:34:00
74839260,Mar/30/2020 18:34,jagaarihemanth,61A - Ultra-Fast Mathematician,Python 3,Accepted,109 ms,0 KB,2020-03-30 18:34:00
76312756,Apr/12/2020 12:50,Vikram123,61A - Ultra-Fast Mathematician,Python 3,Accepted,124 ms,0 KB,2020-04-12 12:50:00
12467918,Aug/11/2015 17:44,UnusedFever,61A - Ultra-Fast Mathematician,Python 3,Accepted,62 ms,0 KB,2015-08-11 17:44:00
49199404,Jan/30/2019 14:53,saikiran24,61A - Ultra-Fast Mathematician,Python 3,Accepted,109 ms,0 KB,2019-01-30 14:53:00
61277561,Sep/25/2019 18:57,_noobie_,61A - Ultra-Fast Mathematician,PyPy 3,Accepted,140 ms,0 KB,2019-09-25 18:57:00
78505116,Apr/29/2020 20:55,cQdeV,61A - Ultra-Fast Mathematician,PyPy 3,Accepted,155 ms,0 KB,2020-04-29 20:55:00
495998,Jun/17/2011 15:57,SyFy,61A - Ultra-Fast Mathematician,Ruby,Accepted,90 ms,3500 KB,2011-06-17 15:57:00
9619933,Jan/29/2015 23:58,xorek222,61A - Ultra-Fast Mathematician,Python 3,Accepted,62 ms,0 KB,2015-01-29 23:58:00
14745771,Dec/10/2015 17:59,SquirrelCui,61A - Ultra-Fast Mathematician,Python 3,Accepted,108 ms,0 KB,2015-12-10 17:59:00
41254310,Aug/05/2018 21:40,padfoot_prongs,61A - Ultra-Fast Mathematician,Python 3,Accepted,124 ms,0 KB,2018-08-05 21:40:00
44857723,Oct/25/2018 18:10,Shubham2227,61A - Ultra-Fast Mathematician,Python 3,Accepted,124 ms,0 KB,2018-10-25 18:10:00
49198495,Jan/30/2019 14:31,vishuvardhan16,61A - Ultra-Fast Mathematician,PyPy 3,Accepted,124 ms,0 KB,2019-01-30 14:31:00
52222820,Apr/02/2019 10:35,superjewson,61A - Ultra-Fast Mathematician,Python 3,Accepted,124 ms,0 KB,2019-04-02 10:35:00
61119358,Sep/23/2019 16:55,jr6666,61A - Ultra-Fast Mathematician,Python 3,Accepted,109 ms,0 KB,2019-09-23 16:55:00
62710597,Oct/16/2019 18:36,supraja_210,61A - Ultra-Fast Mathematician,Python 3,Accepted,124 ms,0 KB,2019-10-16 18:36:00
68652659,Jan/12/2020 14:15,tflave,61A - Ultra-Fast Mathematician,Python 3,Accepted,109 ms,300 KB,2020-01-12 14:15:00
69598403,Jan/27/2020 09:14,Subarna578,61A - Ultra-Fast Mathematician,PyPy 3,Accepted,156 ms,0 KB,2020-01-27 09:14:00
70031026,Feb/02/2020 15:51,Maxes27,61A - Ultra-Fast Mathematician,Python 3,Accepted,124 ms,300 KB,2020-02-02 15:51:00
75453017,Apr/04/2020 07:31,zulh2605,61A - Ultra-Fast Mathematician,Python 3,Accepted,109 ms,0 KB,2020-04-04 07:31:00
14813072,Dec/15/2015 12:54,MnFeN_CCME,61A - Ultra-Fast Mathematician,Python 3,Accepted,62 ms,0 KB,2015-12-15 12:54:00
17314054,Apr/14/2016 15:22,Tzapil,61A - Ultra-Fast Mathematician,Python 3,Accepted,124 ms,0 KB,2016-04-14 15:22:00
23583617,Jan/06/2017 13:59,Kemol,61A - Ultra-Fast Mathematician,Python 3,Accepted,77 ms,4500 KB,2017-01-06 13:59:00
29822437,Aug/27/2017 11:56,__io__,61A - Ultra-Fast Mathematician,Python 3,Accepted,62 ms,0 KB,2017-08-27 11:56:00
32243410,Nov/12/2017 15:35,hellojarvis,61A - Ultra-Fast Mathematician,Python 3,Accepted,77 ms,0 KB,2017-11-12 15:35:00
33610133,Dec/25/2017 09:49,himself,61A - Ultra-Fast Mathematician,Python 3,Accepted,77 ms,5500 KB,2017-12-25 09:49:00
33807983,Dec/30/2017 14:38,hrony,61A - Ultra-Fast Mathematician,Python 3,Accepted,62 ms,5400 KB,2017-12-30 14:38:00
44443794,Oct/17/2018 16:09,devansh1497,61A - Ultra-Fast Mathematician,PyPy 3,Accepted,140 ms,0 KB,2018-10-17 16:09:00
44623784,Oct/21/2018 10:59,XOR-star,61A - Ultra-Fast Mathematician,Python 3,Accepted,124 ms,0 KB,2018-10-21 10:59:00
49118069,Jan/28/2019 20:51,Samhitha_Keerala,61A - Ultra-Fast Mathematician,Python 3,Accepted,109 ms,0 KB,2019-01-28 20:51:00
65160951,Nov/16/2019 14:21,vikrantsec,61A - Ultra-Fast Mathematician,PyPy 3,Accepted,140 ms,0 KB,2019-11-16 14:21:00
67508869,Dec/24/2019 11:25,CindyXS,61A - Ultra-Fast Mathematician,Python 3,Accepted,124 ms,300 KB,2019-12-24 11:25:00
76465378,Apr/13/2020 11:19,swar_am,61A - Ultra-Fast Mathematician,PyPy 3,Accepted,155 ms,0 KB,2020-04-13 11:19:00
1845927,Jun/30/2012 14:16,v1v3kn,61A - Ultra-Fast Mathematician,Python 2,Accepted,130 ms,2900 KB,2012-06-30 14:16:00
7274127,Jul/28/2014 09:04,yuanchenyang,61A - Ultra-Fast Mathematician,Python 2,Accepted,46 ms,0 KB,2014-07-28 09:04:00
8243499,Oct/16/2014 10:33,best_coder,61A - Ultra-Fast Mathematician,Python 2,Accepted,46 ms,0 KB,2014-10-16 10:33:00
19750860,Aug/09/2016 19:31,piyushgoyal443,61A - Ultra-Fast Mathematician,Python 2,Accepted,62 ms,4500 KB,2016-08-09 19:31:00
22949746,Dec/14/2016 16:44,sina-ss,61A - Ultra-Fast Mathematician,Python 3,Accepted,62 ms,0 KB,2016-12-14 16:44:00
31795549,Oct/27/2017 15:49,darth_coder,61A - Ultra-Fast Mathematician,Python 3,Accepted,77 ms,0 KB,2017-10-27 15:49:00
32078703,Nov/05/2017 17:44,lkdn3t,61A - Ultra-Fast Mathematician,Python 3,Accepted,62 ms,0 KB,2017-11-05 17:44:00
33271563,Dec/15/2017 19:46,ZBeast,61A - Ultra-Fast Mathematician,Python 3,Accepted,62 ms,5500 KB,2017-12-15 19:46:00
39248534,Jun/14/2018 18:52,unnamed_1030,61A - Ultra-Fast Mathematician,Python 3,Accepted,109 ms,0 KB,2018-06-14 18:52:00
40488527,Jul/17/2018 21:25,bahumajanu,61A - Ultra-Fast Mathematician,Python 3,Accepted,124 ms,0 KB,2018-07-17 21:25:00
40524725,Jul/18/2018 22:20,WillianLike,61A - Ultra-Fast Mathematician,Python 3,Accepted,139 ms,0 KB,2018-07-18 22:20:00
45994737,Nov/20/2018 14:49,18n1800011823.,61A - Ultra-Fast Mathematician,Python 3,Accepted,124 ms,0 KB,2018-11-20 14:49:00
49213773,Jan/30/2019 19:28,rohitarram,61A - Ultra-Fast Mathematician,Python 3,Accepted,109 ms,0 KB,2019-01-30 19:28:00
60608526,Sep/15/2019 13:20,sampath1310,61A - Ultra-Fast Mathematician,PyPy 3,Accepted,140 ms,0 KB,2019-09-15 13:20:00
68999226,Jan/17/2020 21:45,sirjan13,61A - Ultra-Fast Mathematician,Python 2,Accepted,187 ms,0 KB,2020-01-17 21:45:00
314340,Mar/02/2011 22:47,hirosegolf,61A - Ultra-Fast Mathematician,Python 2,Accepted,80 ms,2800 KB,2011-03-02 22:47:00
6581456,May/10/2014 12:55,dagger11263,61A - Ultra-Fast Mathematician,Python 2,Accepted,62 ms,0 KB,2014-05-10 12:55:00
14789133,Dec/13/2015 21:36,TooDumbToWin,61A - Ultra-Fast Mathematician,Python 3,Accepted,62 ms,0 KB,2015-12-13 21:36:00
39654775,Jun/25/2018 19:20,h3ct0rJs,61A - Ultra-Fast Mathematician,Python 3,Accepted,92 ms,0 KB,2018-06-25 19:20:00
48711541,Jan/22/2019 11:48,Student_of_Husayn,61A - Ultra-Fast Mathematician,Python 3,Accepted,109 ms,0 KB,2019-01-22 11:48:00
57811762,Jul/26/2019 20:41,surya_teja,61A - Ultra-Fast Mathematician,PyPy 3,Accepted,140 ms,100 KB,2019-07-26 20:41:00
58952189,Aug/17/2019 14:26,sreznick,61A - Ultra-Fast Mathematician,Python 3,Accepted,124 ms,0 KB,2019-08-17 14:26:00
62198645,Oct/09/2019 14:30,amank1647,61A - Ultra-Fast Mathematician,Python 3,Accepted,124 ms,0 KB,2019-10-09 14:30:00
66989681,Dec/15/2019 22:43,vr_17211a0587,61A - Ultra-Fast Mathematician,Python 3,Accepted,124 ms,0 KB,2019-12-15 22:43:00
79131376,May/06/2020 13:48,angiras,61A - Ultra-Fast Mathematician,PyPy 3,Accepted,170 ms,0 KB,2020-05-06 13:48:00
388922,Apr/15/2011 18:30,Wentol-ng,61A - Ultra-Fast Mathematician,Ruby,Accepted,90 ms,3800 KB,2011-04-15 18:30:00
4246191,Aug/09/2013 11:15,hardcandy_madder,61A - Ultra-Fast Mathematician,Python 2,Accepted,92 ms,0 KB,2013-08-09 11:15:00
5404605,Dec/10/2013 20:16,leisurer,61A - Ultra-Fast Mathematician,Python 2,Accepted,92 ms,0 KB,2013-12-10 20:16:00
8151806,Oct/09/2014 12:39,qszhu,61A - Ultra-Fast Mathematician,Python 2,Accepted,61 ms,0 KB,2014-10-09 12:39:00
10548016,Apr/02/2015 08:57,illidanldx,61A - Ultra-Fast Mathematician,Python 3,Accepted,62 ms,0 KB,2015-04-02 08:57:00
