18150174,May/29/2016 21:28,Ts_alex,672A - Summer Camp,Ruby,Accepted,108 ms,6400 KB,2016-05-29 21:28:00
17846834,May/11/2016 19:39,cojna,672A - Summer Camp,Haskell,Accepted,15 ms,52000 KB,2016-05-11 19:39:00
18149274,May/29/2016 19:40,tkain,672A - Summer Camp,Ruby,Accepted,77 ms,6500 KB,2016-05-29 19:40:00
29213569,Aug/05/2017 11:23,Qumeric,672A - Summer Camp,Haskell,Accepted,15 ms,52000 KB,2017-08-05 11:23:00
18049518,May/24/2016 04:53,jebwizoscar,672A - Summer Camp,Python 2,Accepted,61 ms,4600 KB,2016-05-24 04:53:00
22772300,Dec/07/2016 02:48,ohNoo,672A - Summer Camp,Python 2,Accepted,61 ms,4600 KB,2016-12-07 02:48:00
17877338,May/12/2016 17:32,nealzane,672A - Summer Camp,Python 2,Accepted,62 ms,4500 KB,2016-05-12 17:32:00
17878523,May/12/2016 19:07,duongtnhat,672A - Summer Camp,Python 2,Accepted,62 ms,4700 KB,2016-05-12 19:07:00
17903809,May/14/2016 12:56,mkisic,672A - Summer Camp,Python 2,Accepted,62 ms,4600 KB,2016-05-14 12:56:00
20650125,Sep/16/2016 02:21,daleks,672A - Summer Camp,Python 2,Accepted,62 ms,0 KB,2016-09-16 02:21:00
17865726,May/11/2016 23:28,rsFalse,672A - Summer Camp,Perl,Accepted,31 ms,2900 KB,2016-05-11 23:28:00
23880739,Jan/16/2017 14:50,w0n,672A - Summer Camp,PyPy 2,Accepted,77 ms,21400 KB,2017-01-16 14:50:00
17865765,May/11/2016 23:30,rsFalse,672A - Summer Camp,Perl,Accepted,31 ms,3000 KB,2016-05-11 23:30:00
17884280,May/13/2016 08:57,rohansumant,672A - Summer Camp,PyPy 2,Accepted,93 ms,22100 KB,2016-05-13 08:57:00
34383561,Jan/20/2018 20:32,FatherofBenoni,672A - Summer Camp,PyPy 2,Accepted,77 ms,21000 KB,2018-01-20 20:32:00
17874438,May/12/2016 14:27,SerVasilich,672A - Summer Camp,Python 3,Accepted,77 ms,5000 KB,2016-05-12 14:27:00
21128147,Oct/03/2016 06:47,instantkill,672A - Summer Camp,Ruby,Accepted,77 ms,1500 KB,2016-10-03 06:47:00
57482081,Jul/22/2019 05:57,gp409,672A - Summer Camp,Python 3,Accepted,109 ms,0 KB,2019-07-22 05:57:00
57914677,Jul/29/2019 03:05,lopare,672A - Summer Camp,Python 3,Accepted,109 ms,0 KB,2019-07-29 03:05:00
67466840,Dec/23/2019 14:23,Mehedihasan19,672A - Summer Camp,Python 3,Accepted,109 ms,0 KB,2019-12-23 14:23:00
17875703,May/12/2016 15:49,kcherdakov,672A - Summer Camp,Python 3,Accepted,62 ms,5100 KB,2016-05-12 15:49:00
17983714,May/18/2016 21:11,mprsai,672A - Summer Camp,PyPy 2,Accepted,77 ms,22100 KB,2016-05-18 21:11:00
18048465,May/24/2016 00:26,Amores,672A - Summer Camp,Python 3,Accepted,62 ms,5000 KB,2016-05-24 00:26:00
18429777,Jun/13/2016 20:39,vchilikov,672A - Summer Camp,Python 3,Accepted,93 ms,5000 KB,2016-06-13 20:39:00
18964869,Jul/08/2016 11:10,anhhung4u,672A - Summer Camp,Python 3,Accepted,77 ms,0 KB,2016-07-08 11:10:00
70360249,Feb/05/2020 16:08,Maxes27,672A - Summer Camp,PyPy 3,Accepted,171 ms,0 KB,2020-02-05 16:08:00
76909537,Apr/16/2020 00:47,Sumaiyah,672A - Summer Camp,Python 3,Accepted,124 ms,0 KB,2020-04-16 00:47:00
18395667,Jun/12/2016 19:57,Blackmind,672A - Summer Camp,Python 3,Accepted,77 ms,5000 KB,2016-06-12 19:57:00
25276783,Mar/06/2017 04:18,s_ranjan,672A - Summer Camp,Python 3,Accepted,62 ms,4500 KB,2017-03-06 04:18:00
76909597,Apr/16/2020 00:48,Sumaiyah,672A - Summer Camp,Python 3,Accepted,109 ms,0 KB,2020-04-16 00:48:00
19108101,Jul/14/2016 15:59,bazyar.sepehr,672A - Summer Camp,Python 3,Accepted,62 ms,0 KB,2016-07-14 15:59:00
67983659,Dec/30/2019 23:45,stars_in_the_sky,672A - Summer Camp,Python 3,Accepted,108 ms,0 KB,2019-12-30 23:45:00
57611461,Jul/24/2019 00:13,jmazon,672A - Summer Camp,Haskell,Accepted,31 ms,100 KB,2019-07-24 00:13:00
73291523,Mar/15/2020 01:30,coderemite,672A - Summer Camp,Python 3,Accepted,109 ms,0 KB,2020-03-15 01:30:00
40083834,Jul/08/2018 14:39,cs1g,672A - Summer Camp,Python 3,Accepted,124 ms,0 KB,2018-07-08 14:39:00
17848186,May/11/2016 19:44,PanicStation,672A - Summer Camp,Ruby,Accepted,62 ms,6400 KB,2016-05-11 19:44:00
17848461,May/11/2016 19:45,barakraganosungam,672A - Summer Camp,Python 2,Accepted,46 ms,4700 KB,2016-05-11 19:45:00
18648881,Jun/22/2016 18:28,redchrom,672A - Summer Camp,Ruby,Accepted,62 ms,0 KB,2016-06-22 18:28:00
24486660,Feb/07/2017 14:24,BlueHazard_rony,672A - Summer Camp,Python 2,Accepted,62 ms,4600 KB,2017-02-07 14:24:00
34260240,Jan/17/2018 22:10,Jsxft,672A - Summer Camp,Python 2,Accepted,77 ms,4500 KB,2018-01-17 22:10:00
34620246,Jan/28/2018 03:41,ytz123,672A - Summer Camp,Python 2,Accepted,62 ms,4500 KB,2018-01-28 03:41:00
17846349,May/11/2016 19:38,merolish,672A - Summer Camp,Python 3,Accepted,62 ms,5000 KB,2016-05-11 19:38:00
17874406,May/12/2016 14:26,SerVasilich,672A - Summer Camp,Python 3,Accepted,62 ms,5000 KB,2016-05-12 14:26:00
18429597,Jun/13/2016 20:37,vchilikov,672A - Summer Camp,Python 3,Accepted,77 ms,4500 KB,2016-06-13 20:37:00
19942615,Aug/18/2016 11:38,ScanNorOne,672A - Summer Camp,Python 3,Accepted,62 ms,4500 KB,2016-08-18 11:38:00
62894242,Oct/19/2019 01:26,rprtr258,672A - Summer Camp,PyPy 3,Accepted,140 ms,0 KB,2019-10-19 01:26:00
17846250,May/11/2016 19:37,jaineshp,672A - Summer Camp,Python 2,Accepted,61 ms,4700 KB,2016-05-11 19:37:00
32564525,Nov/23/2017 04:47,luisphelipe,672A - Summer Camp,Python 3,Accepted,62 ms,0 KB,2017-11-23 04:47:00
17985931,May/19/2016 07:03,bradyzhou,672A - Summer Camp,Python 3,Accepted,62 ms,5000 KB,2016-05-19 07:03:00
18270787,Jun/06/2016 16:10,pylol,672A - Summer Camp,Python 3,Accepted,62 ms,4500 KB,2016-06-06 16:10:00
29432473,Aug/13/2017 14:41,aman_shahi2#,672A - Summer Camp,Python 2,Accepted,46 ms,4600 KB,2017-08-13 14:41:00
17917519,May/15/2016 12:21,aayushsanghavi,672A - Summer Camp,Python 2,Accepted,61 ms,4600 KB,2016-05-15 12:21:00
18340346,Jun/09/2016 14:29,artyom.fedosov,672A - Summer Camp,Python 2,Accepted,77 ms,4700 KB,2016-06-09 14:29:00
17865235,May/11/2016 22:57,pvkcse,672A - Summer Camp,Python 2,Accepted,62 ms,4700 KB,2016-05-11 22:57:00
17902998,May/14/2016 11:33,jokkebk,672A - Summer Camp,Python 3,Accepted,77 ms,5000 KB,2016-05-14 11:33:00
28415934,Jul/11/2017 01:04,nns2009,672A - Summer Camp,Python 3,Accepted,62 ms,5400 KB,2017-07-11 01:04:00
17874393,May/12/2016 14:25,SerVasilich,672A - Summer Camp,Python 3,Accepted,62 ms,5000 KB,2016-05-12 14:25:00
31476180,Oct/18/2017 13:15,ving.xia,672A - Summer Camp,Python 3,Accepted,62 ms,5400 KB,2017-10-18 13:15:00
17846825,May/11/2016 19:39,pedolove420,672A - Summer Camp,Python 3,Accepted,61 ms,5000 KB,2016-05-11 19:39:00
17847009,May/11/2016 19:40,Sawako,672A - Summer Camp,Python 3,Accepted,62 ms,4800 KB,2016-05-11 19:40:00
17863090,May/11/2016 22:01,cugel,672A - Summer Camp,PyPy 3,Accepted,124 ms,22700 KB,2016-05-11 22:01:00
17869692,May/12/2016 07:28,karan_lal2015,672A - Summer Camp,Python 2,Accepted,62 ms,4600 KB,2016-05-12 07:28:00
17873090,May/12/2016 12:46,shvg,672A - Summer Camp,Python 2,Accepted,77 ms,4700 KB,2016-05-12 12:46:00
17995776,May/19/2016 21:13,unprost,672A - Summer Camp,Python 3,Accepted,62 ms,5000 KB,2016-05-19 21:13:00
18216726,Jun/02/2016 15:48,sam5125,672A - Summer Camp,Python 2,Accepted,77 ms,4700 KB,2016-06-02 15:48:00
31377770,Oct/16/2017 00:11,kushagrs,672A - Summer Camp,Python 3,Accepted,77 ms,5400 KB,2017-10-16 00:11:00
31634209,Oct/23/2017 18:42,FuckAliceShit,672A - Summer Camp,Python 3,Accepted,77 ms,5400 KB,2017-10-23 18:42:00
17846889,May/11/2016 19:40,old_boo,672A - Summer Camp,Python 2,Accepted,62 ms,4500 KB,2016-05-11 19:40:00
17849713,May/11/2016 19:50,stayfrosty,672A - Summer Camp,PyPy 2,Accepted,77 ms,22100 KB,2016-05-11 19:50:00
17915187,May/15/2016 07:09,catTom,672A - Summer Camp,Python 2,Accepted,109 ms,4600 KB,2016-05-15 07:09:00
17926348,May/16/2016 05:50,abc_1988_1106#,672A - Summer Camp,Python 2,Accepted,62 ms,4700 KB,2016-05-16 05:50:00
18062713,May/24/2016 21:23,VietaFan,672A - Summer Camp,Python 3,Accepted,62 ms,5000 KB,2016-05-24 21:23:00
21889537,Oct/30/2016 12:23,clarinet758,672A - Summer Camp,Python 2,Accepted,62 ms,0 KB,2016-10-30 12:23:00
24902706,Feb/23/2017 00:49,Unlenin,672A - Summer Camp,Python 2,Accepted,77 ms,4500 KB,2017-02-23 00:49:00
40083803,Jul/08/2018 14:38,cs1g,672A - Summer Camp,Python 3,Accepted,109 ms,0 KB,2018-07-08 14:38:00
65031380,Nov/15/2019 13:02,mintondo,672A - Summer Camp,Python 3,Accepted,124 ms,0 KB,2019-11-15 13:02:00
17883219,May/13/2016 06:13,ninoseki,672A - Summer Camp,Ruby,Accepted,108 ms,6500 KB,2016-05-13 06:13:00
17902470,May/14/2016 10:46,ngochai94#,672A - Summer Camp,Python 2,Accepted,62 ms,4600 KB,2016-05-14 10:46:00
17933884,May/16/2016 19:02,nhho,672A - Summer Camp,Haskell,Accepted,15 ms,43900 KB,2016-05-16 19:02:00
18327778,Jun/08/2016 21:55,f2014044,672A - Summer Camp,Python 2,Accepted,62 ms,4700 KB,2016-06-08 21:55:00
32720372,Nov/27/2017 19:21,lkdn3t,672A - Summer Camp,Python 3,Accepted,77 ms,5400 KB,2017-11-27 19:21:00
34122155,Jan/13/2018 11:19,fahad17049,672A - Summer Camp,Python 3,Accepted,62 ms,5400 KB,2018-01-13 11:19:00
39339992,Jun/17/2018 19:35,1357113,672A - Summer Camp,Python 3,Accepted,93 ms,0 KB,2018-06-17 19:35:00
65941495,Nov/29/2019 09:29,zgonnikov,672A - Summer Camp,PyPy 3,Accepted,155 ms,0 KB,2019-11-29 09:29:00
17846166,May/11/2016 19:36,FiveAtomTree,672A - Summer Camp,Python 3,Accepted,93 ms,4900 KB,2016-05-11 19:36:00
17851934,May/11/2016 20:00,wasiq.bhamla,672A - Summer Camp,Ruby,Accepted,62 ms,6400 KB,2016-05-11 20:00:00
43786705,Oct/04/2018 15:26,clevermax,672A - Summer Camp,Python 3,Accepted,124 ms,300 KB,2018-10-04 15:26:00
54249607,May/16/2019 19:32,Dage233,672A - Summer Camp,PyPy 3,Accepted,140 ms,0 KB,2019-05-16 19:32:00
58778423,Aug/13/2019 21:30,byb0nd,672A - Summer Camp,PyPy 3,Accepted,140 ms,0 KB,2019-08-13 21:30:00
59426733,Aug/25/2019 06:12,megachuhancer,672A - Summer Camp,Ruby,Accepted,77 ms,1400 KB,2019-08-25 06:12:00
59684118,Aug/30/2019 02:26,sreznick,672A - Summer Camp,PyPy 3,Accepted,155 ms,0 KB,2019-08-30 02:26:00
80306233,May/16/2020 13:50,ranjithm2001,672A - Summer Camp,Python 3,Accepted,109 ms,6500 KB,2020-05-16 13:50:00
17846359,May/11/2016 19:38,rithp9,672A - Summer Camp,Python 3,Accepted,77 ms,4800 KB,2016-05-11 19:38:00
17846437,May/11/2016 19:38,yhn112,672A - Summer Camp,PyPy 3,Accepted,140 ms,22700 KB,2016-05-11 19:38:00
17849259,May/11/2016 19:48,farizazmip,672A - Summer Camp,Python 2,Accepted,46 ms,4700 KB,2016-05-11 19:48:00
17850315,May/11/2016 19:52,shangtai,672A - Summer Camp,Python 2,Accepted,61 ms,4600 KB,2016-05-11 19:52:00
21049764,Sep/30/2016 22:54,ivangrigor,672A - Summer Camp,Python 2,Accepted,62 ms,0 KB,2016-09-30 22:54:00
22617476,Nov/30/2016 11:52,Dreamer96,672A - Summer Camp,Python 3,Accepted,62 ms,0 KB,2016-11-30 11:52:00
25307042,Mar/07/2017 06:45,piyushgoyal443#,672A - Summer Camp,Python 2,Accepted,46 ms,4600 KB,2017-03-07 06:45:00
28176326,Jun/30/2017 18:52,kartikvk1996,672A - Summer Camp,Python 3,Accepted,77 ms,5400 KB,2017-06-30 18:52:00
74630290,Mar/28/2020 13:36,Aka_coder,672A - Summer Camp,Python 3,Accepted,124 ms,0 KB,2020-03-28 13:36:00
17849084,May/11/2016 19:47,kennyhothedev,672A - Summer Camp,Python 2,Accepted,77 ms,5100 KB,2016-05-11 19:47:00
26471013,Apr/18/2017 10:47,neuhq,672A - Summer Camp,Python 2,Accepted,46 ms,4600 KB,2017-04-18 10:47:00
39071284,Jun/09/2018 17:13,Elgazzar.,672A - Summer Camp,Ruby,Accepted,78 ms,3700 KB,2018-06-09 17:13:00
71330803,Feb/17/2020 20:47,sp_,672A - Summer Camp,Python 3,Accepted,109 ms,0 KB,2020-02-17 20:47:00
17847345,May/11/2016 19:41,Wombatfreak,672A - Summer Camp,Python 2,Accepted,46 ms,4600 KB,2016-05-11 19:41:00
17848229,May/11/2016 19:44,kulych,672A - Summer Camp,Ruby,Accepted,62 ms,14100 KB,2016-05-11 19:44:00
17879432,May/12/2016 20:21,EKMPls,672A - Summer Camp,Python 3,Accepted,62 ms,4800 KB,2016-05-12 20:21:00
23470668,Dec/31/2016 16:58,SendThemToHell,672A - Summer Camp,Python 3,Accepted,77 ms,4500 KB,2016-12-31 16:58:00
34346899,Jan/20/2018 12:38,praveenojha33,672A - Summer Camp,PyPy 3,Accepted,93 ms,19500 KB,2018-01-20 12:38:00
34346908,Jan/20/2018 12:39,praveenojha33,672A - Summer Camp,Python 3,Accepted,62 ms,5500 KB,2018-01-20 12:39:00
34485260,Jan/23/2018 17:25,MaxHo,672A - Summer Camp,Python 3,Accepted,62 ms,5500 KB,2018-01-23 17:25:00
66582199,Dec/10/2019 12:49,chints11,672A - Summer Camp,Python 3,Accepted,109 ms,0 KB,2019-12-10 12:49:00
74785870,Mar/30/2020 08:02,KuzlyaevNikita,672A - Summer Camp,PyPy 3,Accepted,140 ms,0 KB,2020-03-30 08:02:00
75980182,Apr/09/2020 13:44,aniketjain2595766,672A - Summer Camp,Python 3,Accepted,109 ms,0 KB,2020-04-09 13:44:00
17847706,May/11/2016 19:42,makeecat,672A - Summer Camp,Python 3,Accepted,61 ms,4800 KB,2016-05-11 19:42:00
17849632,May/11/2016 19:49,vladimirpotin,672A - Summer Camp,Python 3,Accepted,77 ms,4800 KB,2016-05-11 19:49:00
17867317,May/12/2016 02:58,lavafalls,672A - Summer Camp,Python 3,Accepted,62 ms,4800 KB,2016-05-12 02:58:00
18028050,May/22/2016 11:12,entri,672A - Summer Camp,Python 2,Accepted,46 ms,4600 KB,2016-05-22 11:12:00
24887982,Feb/22/2017 11:25,hzwer,672A - Summer Camp,Python 3,Accepted,62 ms,4500 KB,2017-02-22 11:25:00
25423749,Mar/12/2017 07:48,yunidc#,672A - Summer Camp,Python 2,Accepted,62 ms,4600 KB,2017-03-12 07:48:00
54763633,May/28/2019 19:30,Bhj2001,672A - Summer Camp,Python 3,Accepted,109 ms,0 KB,2019-05-28 19:30:00
56041482,Jun/25/2019 17:31,SpamBot,672A - Summer Camp,Python 3,Accepted,124 ms,0 KB,2019-06-25 17:31:00
69713547,Jan/29/2020 11:05,r_daniellivingston,672A - Summer Camp,PyPy 3,Accepted,140 ms,0 KB,2020-01-29 11:05:00
17846591,May/11/2016 19:38,Nekrolm,672A - Summer Camp,Python 3,Accepted,77 ms,5100 KB,2016-05-11 19:38:00
17846830,May/11/2016 19:39,Kaktoos,672A - Summer Camp,Python 3,Accepted,62 ms,4800 KB,2016-05-11 19:39:00
17847347,May/11/2016 19:41,WARenie,672A - Summer Camp,Python 3,Accepted,61 ms,4800 KB,2016-05-11 19:41:00
17859951,May/11/2016 21:12,Pierroteknik,672A - Summer Camp,Python 3,Accepted,62 ms,4800 KB,2016-05-11 21:12:00
18104107,May/26/2016 15:36,Vosatorp,672A - Summer Camp,PyPy 3,Accepted,155 ms,22700 KB,2016-05-26 15:36:00
27090975,May/13/2017 17:04,xietutu,672A - Summer Camp,Python 3,Accepted,61 ms,0 KB,2017-05-13 17:04:00
27395596,May/27/2017 21:39,LuckT,672A - Summer Camp,Python 3,Accepted,62 ms,0 KB,2017-05-27 21:39:00
36123831,Mar/09/2018 19:35,hari43,672A - Summer Camp,Python 3,Accepted,62 ms,5400 KB,2018-03-09 19:35:00
50315319,Feb/22/2019 14:58,mr.adisbek,672A - Summer Camp,PyPy 3,Accepted,140 ms,0 KB,2019-02-22 14:58:00
54868835,May/31/2019 10:58,Aidos,672A - Summer Camp,Python 3,Accepted,109 ms,0 KB,2019-05-31 10:58:00
17847280,May/11/2016 19:41,loppp13579,672A - Summer Camp,Python 3,Accepted,61 ms,4800 KB,2016-05-11 19:41:00
17866413,May/12/2016 00:30,I_LOVE_DANA,672A - Summer Camp,Python 3,Accepted,62 ms,4800 KB,2016-05-12 00:30:00
18043269,May/23/2016 15:13,-Gration,672A - Summer Camp,Python 3,Accepted,62 ms,4800 KB,2016-05-23 15:13:00
18964782,Jul/08/2016 11:06,anhhung4u,672A - Summer Camp,Python 3,Accepted,92 ms,0 KB,2016-07-08 11:06:00
19604752,Aug/03/2016 22:55,kajojify,672A - Summer Camp,PyPy 3,Accepted,124 ms,300 KB,2016-08-03 22:55:00
20922659,Sep/26/2016 13:01,samamre#,672A - Summer Camp,Python 2,Accepted,124 ms,0 KB,2016-09-26 13:01:00
27673462,Jun/08/2017 17:29,shubho,672A - Summer Camp,Python 2,Accepted,62 ms,0 KB,2017-06-08 17:29:00
29113481,Aug/02/2017 04:10,rgkbitw,672A - Summer Camp,Python 3,Accepted,77 ms,4500 KB,2017-08-02 04:10:00
36607046,Mar/25/2018 09:09,vjudge5,672A - Summer Camp,PyPy 3,Accepted,93 ms,20900 KB,2018-03-25 09:09:00
45993705,Nov/20/2018 14:19,1800011795,672A - Summer Camp,Python 3,Accepted,109 ms,0 KB,2018-11-20 14:19:00
52877359,Apr/16/2019 23:31,rumboalfuturo,672A - Summer Camp,Python 3,Accepted,124 ms,0 KB,2019-04-16 23:31:00
56511554,Jul/04/2019 13:41,the.mistrustful,672A - Summer Camp,PyPy 3,Accepted,140 ms,0 KB,2019-07-04 13:41:00
57559961,Jul/23/2019 02:22,fshuto,672A - Summer Camp,Ruby,Accepted,62 ms,1400 KB,2019-07-23 02:22:00
65211523,Nov/16/2019 21:03,pinjgia,672A - Summer Camp,PyPy 3,Accepted,140 ms,0 KB,2019-11-16 21:03:00
66787266,Dec/13/2019 17:05,preetham1239,672A - Summer Camp,PyPy 3,Accepted,155 ms,0 KB,2019-12-13 17:05:00
17846197,May/11/2016 19:37,masonsbro,672A - Summer Camp,Python 2,Accepted,46 ms,4600 KB,2016-05-11 19:37:00
17846206,May/11/2016 19:37,xen,672A - Summer Camp,Python 3,Accepted,62 ms,5000 KB,2016-05-11 19:37:00
17853666,May/11/2016 20:13,ravi_shank,672A - Summer Camp,Python 2,Accepted,62 ms,4700 KB,2016-05-11 20:13:00
17867346,May/12/2016 03:03,Butane,672A - Summer Camp,PyPy 2,Accepted,108 ms,22100 KB,2016-05-12 03:03:00
17871426,May/12/2016 10:21,Orlazor,672A - Summer Camp,Python 2,Accepted,62 ms,4600 KB,2016-05-12 10:21:00
17929340,May/16/2016 12:47,nikivas,672A - Summer Camp,Python 2,Accepted,62 ms,4600 KB,2016-05-16 12:47:00
21636935,Oct/21/2016 11:57,mastermind0,672A - Summer Camp,Python 3,Accepted,62 ms,0 KB,2016-10-21 11:57:00
22079686,Nov/06/2016 20:24,sigkill-uw,672A - Summer Camp,Python 2,Accepted,62 ms,0 KB,2016-11-06 20:24:00
36608317,Mar/25/2018 10:25,vjudge1,672A - Summer Camp,Python 3,Accepted,93 ms,6800 KB,2018-03-25 10:25:00
40879442,Jul/28/2018 12:58,Febrin,672A - Summer Camp,Python 3,Accepted,124 ms,0 KB,2018-07-28 12:58:00
40969009,Jul/30/2018 15:34,vishal_911,672A - Summer Camp,Python 3,Accepted,124 ms,0 KB,2018-07-30 15:34:00
49229660,Jan/31/2019 07:11,srimukhi_25,672A - Summer Camp,Python 3,Accepted,109 ms,0 KB,2019-01-31 07:11:00
50629898,Mar/01/2019 11:31,martm,672A - Summer Camp,Python 3,Accepted,109 ms,0 KB,2019-03-01 11:31:00
53319028,Apr/26/2019 14:58,Akash_123,672A - Summer Camp,Python 3,Accepted,109 ms,0 KB,2019-04-26 14:58:00
55945247,Jun/22/2019 22:14,Omar_Tahoun,672A - Summer Camp,PyPy 3,Accepted,140 ms,0 KB,2019-06-22 22:14:00
58071501,Jul/31/2019 13:51,_viru_,672A - Summer Camp,Python 3,Accepted,109 ms,0 KB,2019-07-31 13:51:00
58806909,Aug/14/2019 12:15,khaleddanial,672A - Summer Camp,PyPy 3,Accepted,155 ms,0 KB,2019-08-14 12:15:00
61669863,Oct/01/2019 21:23,a.cse18,672A - Summer Camp,Python 3,Accepted,124 ms,0 KB,2019-10-01 21:23:00
64531483,Nov/08/2019 18:34,OmNoHuGiKat,672A - Summer Camp,Python 3,Accepted,109 ms,0 KB,2019-11-08 18:34:00
79729257,May/11/2020 13:41,monna4335,672A - Summer Camp,Python 3,Accepted,109 ms,6500 KB,2020-05-11 13:41:00
17851434,May/11/2016 19:58,lavee.singh,672A - Summer Camp,Python 2,Accepted,46 ms,4700 KB,2016-05-11 19:58:00
17863086,May/11/2016 22:01,Hektor,672A - Summer Camp,Python 3,Accepted,77 ms,4800 KB,2016-05-11 22:01:00
20760792,Sep/19/2016 19:42,pallavagarwal07#,672A - Summer Camp,Python 2,Accepted,61 ms,100 KB,2016-09-19 19:42:00
22422786,Nov/23/2016 15:24,r8b8,672A - Summer Camp,Python 3,Accepted,77 ms,0 KB,2016-11-23 15:24:00
32487253,Nov/20/2017 04:29,EdsonSousa,672A - Summer Camp,Python 3,Accepted,77 ms,0 KB,2017-11-20 04:29:00
42845407,Sep/14/2018 01:52,vikram777,672A - Summer Camp,Python 3,Accepted,124 ms,0 KB,2018-09-14 01:52:00
57409198,Jul/20/2019 19:57,shall_not_pass,672A - Summer Camp,Python 3,Accepted,109 ms,0 KB,2019-07-20 19:57:00
59818255,Aug/31/2019 19:15,mrchampion05,672A - Summer Camp,Python 3,Accepted,139 ms,0 KB,2019-08-31 19:15:00
61309288,Sep/26/2019 11:38,"Code_death: I_Am_Justice, RedRanger, FCUKmodiBhakts#",672A - Summer Camp,PyPy 3,Accepted,140 ms,0 KB,2019-09-26 11:38:00
67383680,Dec/21/2019 20:07,abhishen,672A - Summer Camp,Python 3,Accepted,109 ms,0 KB,2019-12-21 20:07:00
68200477,Jan/04/2020 18:32,AlifSaddid,672A - Summer Camp,PyPy 3,Accepted,170 ms,0 KB,2020-01-04 18:32:00
71330395,Feb/17/2020 20:45,sp_,672A - Summer Camp,Python 3,Accepted,124 ms,0 KB,2020-02-17 20:45:00
77243754,Apr/19/2020 09:01,Dhavan,672A - Summer Camp,Python 3,Accepted,109 ms,0 KB,2020-04-19 09:01:00
17846736,May/11/2016 19:39,coderbd,672A - Summer Camp,Python 2,Accepted,62 ms,4600 KB,2016-05-11 19:39:00
17847153,May/11/2016 19:40,Kirillzzy,672A - Summer Camp,Python 3,Accepted,62 ms,4800 KB,2016-05-11 19:40:00
17847941,May/11/2016 19:43,Samesi,672A - Summer Camp,Python 2,Accepted,46 ms,4500 KB,2016-05-11 19:43:00
17891922,May/13/2016 18:58,gustokashin,672A - Summer Camp,Python 3,Accepted,62 ms,4500 KB,2016-05-13 18:58:00
20928978,Sep/26/2016 18:45,STommydx,672A - Summer Camp,Python 3,Accepted,62 ms,0 KB,2016-09-26 18:45:00
23547307,Jan/05/2017 06:49,janierss,672A - Summer Camp,Python 3,Accepted,62 ms,4500 KB,2017-01-05 06:49:00
29627450,Aug/20/2017 21:00,dharmilp,672A - Summer Camp,PyPy 2,Accepted,124 ms,0 KB,2017-08-20 21:00:00
46664091,Dec/06/2018 01:43,Radwan_,672A - Summer Camp,Python 3,Accepted,124 ms,0 KB,2018-12-06 01:43:00
50239552,Feb/20/2019 15:22,HossamTag10,672A - Summer Camp,PyPy 3,Accepted,140 ms,0 KB,2019-02-20 15:22:00
50387882,Feb/23/2019 16:05,luogu_bot2,672A - Summer Camp,Python 3,Accepted,109 ms,0 KB,2019-02-23 16:05:00
55087076,Jun/04/2019 15:58,ygldurgadevi,672A - Summer Camp,Python 3,Accepted,109 ms,0 KB,2019-06-04 15:58:00
72764604,Mar/09/2020 08:09,Rakib1602066,672A - Summer Camp,PyPy 3,Accepted,140 ms,0 KB,2020-03-09 08:09:00
74139681,Mar/23/2020 21:59,krishna369,672A - Summer Camp,PyPy 3,Accepted,155 ms,0 KB,2020-03-23 21:59:00
77376596,Apr/20/2020 18:08,vipul_agrawal,672A - Summer Camp,Python 3,Accepted,109 ms,0 KB,2020-04-20 18:08:00
78013156,Apr/25/2020 13:27,ankitkochar1578,672A - Summer Camp,Python 3,Accepted,108 ms,0 KB,2020-04-25 13:27:00
78511597,Apr/29/2020 22:21,bhuvana_017,672A - Summer Camp,Python 3,Accepted,109 ms,0 KB,2020-04-29 22:21:00
17846169,May/11/2016 19:36,maximaxi,672A - Summer Camp,PyPy 3,Accepted,124 ms,22700 KB,2016-05-11 19:36:00
17846362,May/11/2016 19:38,Corteso,672A - Summer Camp,Python 2,Accepted,61 ms,4500 KB,2016-05-11 19:38:00
17846661,May/11/2016 19:39,swiecmich,672A - Summer Camp,Python 3,Accepted,78 ms,5100 KB,2016-05-11 19:39:00
17849463,May/11/2016 19:49,stoic65,672A - Summer Camp,Python 3,Accepted,62 ms,5100 KB,2016-05-11 19:49:00
17866756,May/12/2016 01:15,CodePower,672A - Summer Camp,Python 3,Accepted,77 ms,4500 KB,2016-05-12 01:15:00
17874505,May/12/2016 14:31,koshin,672A - Summer Camp,Python 3,Accepted,62 ms,4800 KB,2016-05-12 14:31:00
18061822,May/24/2016 20:01,xfce8888,672A - Summer Camp,PyPy 3,Accepted,124 ms,22700 KB,2016-05-24 20:01:00
18244174,Jun/04/2016 16:27,adamos2468,672A - Summer Camp,Python 3,Accepted,62 ms,4700 KB,2016-06-04 16:27:00
18732909,Jun/26/2016 13:21,Capture_A_Lag,672A - Summer Camp,Haskell,Accepted,15 ms,0 KB,2016-06-26 13:21:00
23538434,Jan/04/2017 18:31,hitesh_r,672A - Summer Camp,Python 3,Accepted,62 ms,4500 KB,2017-01-04 18:31:00
31049678,Oct/06/2017 03:48,djo.zouari,672A - Summer Camp,Python 2,Accepted,46 ms,0 KB,2017-10-06 03:48:00
42108917,Aug/26/2018 07:06,Mk_Python_v1,672A - Summer Camp,Python 3,Accepted,124 ms,0 KB,2018-08-26 07:06:00
55531867,Jun/13/2019 17:00,propashii,672A - Summer Camp,Python 3,Accepted,109 ms,0 KB,2019-06-13 17:00:00
58233070,Aug/03/2019 20:54,Abdullah_Sheehan,672A - Summer Camp,Python 3,Accepted,109 ms,0 KB,2019-08-03 20:54:00
60283174,Sep/09/2019 02:02,XAMRMAX,672A - Summer Camp,Python 3,Accepted,124 ms,0 KB,2019-09-09 02:02:00
60829864,Sep/19/2019 09:25,Sorrow,672A - Summer Camp,Python 3,Accepted,124 ms,0 KB,2019-09-19 09:25:00
61976497,Oct/06/2019 13:41,dinesh_raj7,672A - Summer Camp,Python 3,Accepted,124 ms,0 KB,2019-10-06 13:41:00
62586790,Oct/14/2019 22:10,bhavyanarang09,672A - Summer Camp,Python 3,Accepted,109 ms,0 KB,2019-10-14 22:10:00
63734790,Oct/29/2019 18:01,Driver12,672A - Summer Camp,PyPy 3,Accepted,140 ms,0 KB,2019-10-29 18:01:00
74671062,Mar/28/2020 22:16,nidal,672A - Summer Camp,Python 3,Accepted,109 ms,0 KB,2020-03-28 22:16:00
76908066,Apr/16/2020 00:18,br4dp1tt,672A - Summer Camp,PyPy 3,Accepted,155 ms,0 KB,2020-04-16 00:18:00
17846681,May/11/2016 19:39,govind_lahoti,672A - Summer Camp,Python 2,Accepted,62 ms,4700 KB,2016-05-11 19:39:00
17872663,May/12/2016 12:03,jisan047,672A - Summer Camp,Python 3,Accepted,62 ms,4800 KB,2016-05-12 12:03:00
17917245,May/15/2016 11:54,Hunter_tushar,672A - Summer Camp,Python 3,Accepted,62 ms,4800 KB,2016-05-15 11:54:00
18005070,May/20/2016 16:05,stalkermustang,672A - Summer Camp,Python 3,Accepted,62 ms,4800 KB,2016-05-20 16:05:00
18007595,May/20/2016 19:07,BernIO,672A - Summer Camp,Python 3,Accepted,62 ms,4800 KB,2016-05-20 19:07:00
18072260,May/25/2016 16:37,Constantor,672A - Summer Camp,Python 3,Accepted,62 ms,4800 KB,2016-05-25 16:37:00
19938498,Aug/18/2016 05:51,ScanNorOne,672A - Summer Camp,Python 3,Accepted,62 ms,4500 KB,2016-08-18 05:51:00
29697042,Aug/23/2017 06:20,HuHUGui,672A - Summer Camp,Python 3,Accepted,77 ms,0 KB,2017-08-23 06:20:00
36606983,Mar/25/2018 08:59,vjudge5,672A - Summer Camp,Python 3,Accepted,93 ms,6800 KB,2018-03-25 08:59:00
39349492,Jun/18/2018 10:21,Elvis25,672A - Summer Camp,Python 3,Accepted,78 ms,0 KB,2018-06-18 10:21:00
73689088,Mar/19/2020 18:12,shirin_0511,672A - Summer Camp,Python 3,Accepted,109 ms,0 KB,2020-03-19 18:12:00
73689921,Mar/19/2020 18:14,shirin_0511,672A - Summer Camp,Python 3,Accepted,124 ms,0 KB,2020-03-19 18:14:00
73697442,Mar/19/2020 18:29,shirin_0511,672A - Summer Camp,Python 3,Accepted,124 ms,0 KB,2020-03-19 18:29:00
17846475,May/11/2016 19:38,Sora233,672A - Summer Camp,Python 3,Accepted,62 ms,5000 KB,2016-05-11 19:38:00
17846551,May/11/2016 19:38,arcstranger,672A - Summer Camp,Python 3,Accepted,61 ms,4800 KB,2016-05-11 19:38:00
17847082,May/11/2016 19:40,imfrank2,672A - Summer Camp,Python 2,Accepted,46 ms,4600 KB,2016-05-11 19:40:00
17847101,May/11/2016 19:40,rsFalse,672A - Summer Camp,Perl,Accepted,31 ms,2900 KB,2016-05-11 19:40:00
17879120,May/12/2016 19:55,TommyWei,672A - Summer Camp,Python 3,Accepted,62 ms,4800 KB,2016-05-12 19:55:00
18660248,Jun/23/2016 11:58,botanich,672A - Summer Camp,Python 3,Accepted,62 ms,0 KB,2016-06-23 11:58:00
40012030,Jul/06/2018 00:01,nightfox,672A - Summer Camp,Python 3,Accepted,124 ms,0 KB,2018-07-06 00:01:00
47326715,Dec/21/2018 13:49,Z.Saidikrom,672A - Summer Camp,Python 3,Accepted,109 ms,0 KB,2018-12-21 13:49:00
51799231,Mar/24/2019 20:02,Anemone,672A - Summer Camp,Python 3,Accepted,124 ms,0 KB,2019-03-24 20:02:00
17846513,May/11/2016 19:38,cmashinho,672A - Summer Camp,Python 3,Accepted,77 ms,4800 KB,2016-05-11 19:38:00
17847031,May/11/2016 19:40,mrinmoy29a,672A - Summer Camp,Python 2,Accepted,61 ms,4600 KB,2016-05-11 19:40:00
17848081,May/11/2016 19:44,funnycoder,672A - Summer Camp,Python 3,Accepted,62 ms,4500 KB,2016-05-11 19:44:00
17878500,May/12/2016 19:05,Grimmer,672A - Summer Camp,Python 2,Accepted,62 ms,4600 KB,2016-05-12 19:05:00
18377699,Jun/11/2016 19:14,JustForAk,672A - Summer Camp,Python 2,Accepted,61 ms,4700 KB,2016-06-11 19:14:00
22380223,Nov/21/2016 12:40,PAPICHbogdoti2,672A - Summer Camp,Python 3,Accepted,62 ms,0 KB,2016-11-21 12:40:00
39517003,Jun/22/2018 15:54,ravitejayadav23,672A - Summer Camp,Python 3,Accepted,93 ms,0 KB,2018-06-22 15:54:00
46627469,Dec/05/2018 01:23,leleoveiga,672A - Summer Camp,Python 2,Accepted,171 ms,0 KB,2018-12-05 01:23:00
46627494,Dec/05/2018 01:24,gaspar.alencar,672A - Summer Camp,PyPy 2,Accepted,140 ms,0 KB,2018-12-05 01:24:00
